0.35355339059327 0.35355339059327 0.35355339059327 0.35355339059327 0.35355339059327 0.35355339059327 0.35355339059327 0.35355339059327 
0.35355339059327 -0.35355339059327 0.35355339059327 -0.35355339059327 0.35355339059327 -0.35355339059327 0.35355339059327 -0.35355339059327 
0.35355339059327 0.35355339059327 -0.35355339059327 -0.35355339059327 0.35355339059327 0.35355339059327 -0.35355339059327 -0.35355339059327 
0.35355339059327 -0.35355339059327 -0.35355339059327 0.35355339059327 0.35355339059327 -0.35355339059327 -0.35355339059327 0.35355339059327 
0.35355339059327 0.35355339059327 0.35355339059327 0.35355339059327 -0.35355339059327 -0.35355339059327 -0.35355339059327 -0.35355339059327 
0.35355339059327 -0.35355339059327 0.35355339059327 -0.35355339059327 -0.35355339059327 0.35355339059327 -0.35355339059327 0.35355339059327 
0.35355339059327 0.35355339059327 -0.35355339059327 -0.35355339059327 -0.35355339059327 -0.35355339059327 0.35355339059327 0.35355339059327 
0.35355339059327 -0.35355339059327 -0.35355339059327 0.35355339059327 -0.35355339059327 0.35355339059327 0.35355339059327 -0.35355339059327 
